   1.0000000e+00   1.0000000e+00   1.0000000e+00
   9.6774191e-01   9.6774191e-01   1.0000000e+00
   9.3548387e-01   9.3548387e-01   1.0000000e+00
   9.0322578e-01   9.0322578e-01   1.0000000e+00
   8.7096775e-01   8.7096775e-01   1.0000000e+00
   8.3870965e-01   8.3870965e-01   1.0000000e+00
   8.0645162e-01   8.0645162e-01   1.0000000e+00
   7.7419353e-01   7.7419353e-01   1.0000000e+00
   7.4193549e-01   7.4193549e-01   1.0000000e+00
   7.0967740e-01   7.0967740e-01   1.0000000e+00
   6.7741936e-01   6.7741936e-01   1.0000000e+00
   6.4516127e-01   6.4516127e-01   1.0000000e+00
   6.1290324e-01   6.1290324e-01   1.0000000e+00
   5.8064514e-01   5.8064514e-01   1.0000000e+00
   5.4838711e-01   5.4838711e-01   1.0000000e+00
   5.1612902e-01   5.1612902e-01   1.0000000e+00
   4.8387095e-01   4.8387095e-01   1.0000000e+00
   4.5161289e-01   4.5161289e-01   1.0000000e+00
   4.1935483e-01   4.1935483e-01   1.0000000e+00
   3.8709676e-01   3.8709676e-01   1.0000000e+00
   3.5483870e-01   3.5483870e-01   1.0000000e+00
   3.2258064e-01   3.2258064e-01   1.0000000e+00
   2.9032257e-01   2.9032257e-01   1.0000000e+00
   2.5806451e-01   2.5806451e-01   1.0000000e+00
   2.2580644e-01   2.2580644e-01   1.0000000e+00
   1.9354838e-01   1.9354838e-01   1.0000000e+00
   1.6129032e-01   1.6129032e-01   1.0000000e+00
   1.2903225e-01   1.2903225e-01   1.0000000e+00
   9.6774191e-02   9.6774191e-02   1.0000000e+00
   6.4516127e-02   6.4516127e-02   1.0000000e+00
   3.2258064e-02   3.2258064e-02   1.0000000e+00
   0.0000000e+00   0.0000000e+00   1.0000000e+00
   0.0000000e+00   1.5625000e-02   1.0000000e+00
   0.0000000e+00   3.1250000e-02   1.0000000e+00
   0.0000000e+00   4.6875000e-02   1.0000000e+00
   0.0000000e+00   6.2500000e-02   1.0000000e+00
   0.0000000e+00   7.8125000e-02   1.0000000e+00
   0.0000000e+00   9.3750000e-02   1.0000000e+00
   0.0000000e+00   1.0937500e-01   1.0000000e+00
   0.0000000e+00   1.2500000e-01   1.0000000e+00
   0.0000000e+00   1.4062500e-01   1.0000000e+00
   0.0000000e+00   1.5625000e-01   1.0000000e+00
   0.0000000e+00   1.7187500e-01   1.0000000e+00
   0.0000000e+00   1.8750000e-01   1.0000000e+00
   0.0000000e+00   2.0312500e-01   1.0000000e+00
   0.0000000e+00   2.1875000e-01   1.0000000e+00
   0.0000000e+00   2.3437500e-01   1.0000000e+00
   0.0000000e+00   2.5000000e-01   1.0000000e+00
   0.0000000e+00   2.6562500e-01   1.0000000e+00
   0.0000000e+00   2.8125000e-01   1.0000000e+00
   0.0000000e+00   2.9687500e-01   1.0000000e+00
   0.0000000e+00   3.1250000e-01   1.0000000e+00
   0.0000000e+00   3.2812500e-01   1.0000000e+00
   0.0000000e+00   3.4375000e-01   1.0000000e+00
   0.0000000e+00   3.5937500e-01   1.0000000e+00
   0.0000000e+00   3.7500000e-01   1.0000000e+00
   0.0000000e+00   3.9062500e-01   1.0000000e+00
   0.0000000e+00   4.0625000e-01   1.0000000e+00
   0.0000000e+00   4.2187500e-01   1.0000000e+00
   0.0000000e+00   4.3750000e-01   1.0000000e+00
   0.0000000e+00   4.5312500e-01   1.0000000e+00
   0.0000000e+00   4.6875000e-01   1.0000000e+00
   0.0000000e+00   4.8437500e-01   1.0000000e+00
   0.0000000e+00   5.0000000e-01   1.0000000e+00
   0.0000000e+00   5.1562500e-01   1.0000000e+00
   0.0000000e+00   5.3125000e-01   1.0000000e+00
   0.0000000e+00   5.4687500e-01   1.0000000e+00
   0.0000000e+00   5.6250000e-01   1.0000000e+00
   0.0000000e+00   5.7812500e-01   1.0000000e+00
   0.0000000e+00   5.9375000e-01   1.0000000e+00
   0.0000000e+00   6.0937500e-01   1.0000000e+00
   0.0000000e+00   6.2500000e-01   1.0000000e+00
   0.0000000e+00   6.4062500e-01   1.0000000e+00
   0.0000000e+00   6.5625000e-01   1.0000000e+00
   0.0000000e+00   6.7187500e-01   1.0000000e+00
   0.0000000e+00   6.8750000e-01   1.0000000e+00
   0.0000000e+00   7.0312500e-01   1.0000000e+00
   0.0000000e+00   7.1875000e-01   1.0000000e+00
   0.0000000e+00   7.3437500e-01   1.0000000e+00
   0.0000000e+00   7.5000000e-01   1.0000000e+00
   0.0000000e+00   7.6562500e-01   1.0000000e+00
   0.0000000e+00   7.8125000e-01   1.0000000e+00
   0.0000000e+00   7.9687500e-01   1.0000000e+00
   0.0000000e+00   8.1250000e-01   1.0000000e+00
   0.0000000e+00   8.2812500e-01   1.0000000e+00
   0.0000000e+00   8.4375000e-01   1.0000000e+00
   0.0000000e+00   8.5937500e-01   1.0000000e+00
   0.0000000e+00   8.7500000e-01   1.0000000e+00
   0.0000000e+00   8.9062500e-01   1.0000000e+00
   0.0000000e+00   9.0625000e-01   1.0000000e+00
   0.0000000e+00   9.2187500e-01   1.0000000e+00
   0.0000000e+00   9.3750000e-01   1.0000000e+00
   0.0000000e+00   9.5312500e-01   1.0000000e+00
   0.0000000e+00   9.6875000e-01   1.0000000e+00
   0.0000000e+00   9.8437500e-01   1.0000000e+00
   0.0000000e+00   1.0000000e+00   1.0000000e+00
   1.5625000e-02   1.0000000e+00   9.8437500e-01
   3.1250000e-02   1.0000000e+00   9.6875000e-01
   4.6875000e-02   1.0000000e+00   9.5312500e-01
   6.2500000e-02   1.0000000e+00   9.3750000e-01
   7.8125000e-02   1.0000000e+00   9.2187500e-01
   9.3750000e-02   1.0000000e+00   9.0625000e-01
   1.0937500e-01   1.0000000e+00   8.9062500e-01
   1.2500000e-01   1.0000000e+00   8.7500000e-01
   1.4062500e-01   1.0000000e+00   8.5937500e-01
   1.5625000e-01   1.0000000e+00   8.4375000e-01
   1.7187500e-01   1.0000000e+00   8.2812500e-01
   1.8750000e-01   1.0000000e+00   8.1250000e-01
   2.0312500e-01   1.0000000e+00   7.9687500e-01
   2.1875000e-01   1.0000000e+00   7.8125000e-01
   2.3437500e-01   1.0000000e+00   7.6562500e-01
   2.5000000e-01   1.0000000e+00   7.5000000e-01
   2.6562500e-01   1.0000000e+00   7.3437500e-01
   2.8125000e-01   1.0000000e+00   7.1875000e-01
   2.9687500e-01   1.0000000e+00   7.0312500e-01
   3.1250000e-01   1.0000000e+00   6.8750000e-01
   3.2812500e-01   1.0000000e+00   6.7187500e-01
   3.4375000e-01   1.0000000e+00   6.5625000e-01
   3.5937500e-01   1.0000000e+00   6.4062500e-01
   3.7500000e-01   1.0000000e+00   6.2500000e-01
   3.9062500e-01   1.0000000e+00   6.0937500e-01
   4.0625000e-01   1.0000000e+00   5.9375000e-01
   4.2187500e-01   1.0000000e+00   5.7812500e-01
   4.3750000e-01   1.0000000e+00   5.6250000e-01
   4.5312500e-01   1.0000000e+00   5.4687500e-01
   4.6875000e-01   1.0000000e+00   5.3125000e-01
   4.8437500e-01   1.0000000e+00   5.1562500e-01
   5.0000000e-01   1.0000000e+00   5.0000000e-01
   5.1562500e-01   1.0000000e+00   4.8437500e-01
   5.3125000e-01   1.0000000e+00   4.6875000e-01
   5.4687500e-01   1.0000000e+00   4.5312500e-01
   5.6250000e-01   1.0000000e+00   4.3750000e-01
   5.7812500e-01   1.0000000e+00   4.2187500e-01
   5.9375000e-01   1.0000000e+00   4.0625000e-01
   6.0937500e-01   1.0000000e+00   3.9062500e-01
   6.2500000e-01   1.0000000e+00   3.7500000e-01
   6.4062500e-01   1.0000000e+00   3.5937500e-01
   6.5625000e-01   1.0000000e+00   3.4375000e-01
   6.7187500e-01   1.0000000e+00   3.2812500e-01
   6.8750000e-01   1.0000000e+00   3.1250000e-01
   7.0312500e-01   1.0000000e+00   2.9687500e-01
   7.1875000e-01   1.0000000e+00   2.8125000e-01
   7.3437500e-01   1.0000000e+00   2.6562500e-01
   7.5000000e-01   1.0000000e+00   2.5000000e-01
   7.6562500e-01   1.0000000e+00   2.3437500e-01
   7.8125000e-01   1.0000000e+00   2.1875000e-01
   7.9687500e-01   1.0000000e+00   2.0312500e-01
   8.1250000e-01   1.0000000e+00   1.8750000e-01
   8.2812500e-01   1.0000000e+00   1.7187500e-01
   8.4375000e-01   1.0000000e+00   1.5625000e-01
   8.5937500e-01   1.0000000e+00   1.4062500e-01
   8.7500000e-01   1.0000000e+00   1.2500000e-01
   8.9062500e-01   1.0000000e+00   1.0937500e-01
   9.0625000e-01   1.0000000e+00   9.3750000e-02
   9.2187500e-01   1.0000000e+00   7.8125000e-02
   9.3750000e-01   1.0000000e+00   6.2500000e-02
   9.5312500e-01   1.0000000e+00   4.6875000e-02
   9.6875000e-01   1.0000000e+00   3.1250000e-02
   9.8437500e-01   1.0000000e+00   1.5625000e-02
   1.0000000e+00   1.0000000e+00   0.0000000e+00
   1.0000000e+00   9.8437500e-01   0.0000000e+00
   1.0000000e+00   9.6875000e-01   0.0000000e+00
   1.0000000e+00   9.5312500e-01   0.0000000e+00
   1.0000000e+00   9.3750000e-01   0.0000000e+00
   1.0000000e+00   9.2187500e-01   0.0000000e+00
   1.0000000e+00   9.0625000e-01   0.0000000e+00
   1.0000000e+00   8.9062500e-01   0.0000000e+00
   1.0000000e+00   8.7500000e-01   0.0000000e+00
   1.0000000e+00   8.5937500e-01   0.0000000e+00
   1.0000000e+00   8.4375000e-01   0.0000000e+00
   1.0000000e+00   8.2812500e-01   0.0000000e+00
   1.0000000e+00   8.1250000e-01   0.0000000e+00
   1.0000000e+00   7.9687500e-01   0.0000000e+00
   1.0000000e+00   7.8125000e-01   0.0000000e+00
   1.0000000e+00   7.6562500e-01   0.0000000e+00
   1.0000000e+00   7.5000000e-01   0.0000000e+00
   1.0000000e+00   7.3437500e-01   0.0000000e+00
   1.0000000e+00   7.1875000e-01   0.0000000e+00
   1.0000000e+00   7.0312500e-01   0.0000000e+00
   1.0000000e+00   6.8750000e-01   0.0000000e+00
   1.0000000e+00   6.7187500e-01   0.0000000e+00
   1.0000000e+00   6.5625000e-01   0.0000000e+00
   1.0000000e+00   6.4062500e-01   0.0000000e+00
   1.0000000e+00   6.2500000e-01   0.0000000e+00
   1.0000000e+00   6.0937500e-01   0.0000000e+00
   1.0000000e+00   5.9375000e-01   0.0000000e+00
   1.0000000e+00   5.7812500e-01   0.0000000e+00
   1.0000000e+00   5.6250000e-01   0.0000000e+00
   1.0000000e+00   5.4687500e-01   0.0000000e+00
   1.0000000e+00   5.3125000e-01   0.0000000e+00
   1.0000000e+00   5.1562500e-01   0.0000000e+00
   1.0000000e+00   5.0000000e-01   0.0000000e+00
   1.0000000e+00   4.8437500e-01   0.0000000e+00
   1.0000000e+00   4.6875000e-01   0.0000000e+00
   1.0000000e+00   4.5312500e-01   0.0000000e+00
   1.0000000e+00   4.3750000e-01   0.0000000e+00
   1.0000000e+00   4.2187500e-01   0.0000000e+00
   1.0000000e+00   4.0625000e-01   0.0000000e+00
   1.0000000e+00   3.9062500e-01   0.0000000e+00
   1.0000000e+00   3.7500000e-01   0.0000000e+00
   1.0000000e+00   3.5937500e-01   0.0000000e+00
   1.0000000e+00   3.4375000e-01   0.0000000e+00
   1.0000000e+00   3.2812500e-01   0.0000000e+00
   1.0000000e+00   3.1250000e-01   0.0000000e+00
   1.0000000e+00   2.9687500e-01   0.0000000e+00
   1.0000000e+00   2.8125000e-01   0.0000000e+00
   1.0000000e+00   2.6562500e-01   0.0000000e+00
   1.0000000e+00   2.5000000e-01   0.0000000e+00
   1.0000000e+00   2.3437500e-01   0.0000000e+00
   1.0000000e+00   2.1875000e-01   0.0000000e+00
   1.0000000e+00   2.0312500e-01   0.0000000e+00
   1.0000000e+00   1.8750000e-01   0.0000000e+00
   1.0000000e+00   1.7187500e-01   0.0000000e+00
   1.0000000e+00   1.5625000e-01   0.0000000e+00
   1.0000000e+00   1.4062500e-01   0.0000000e+00
   1.0000000e+00   1.2500000e-01   0.0000000e+00
   1.0000000e+00   1.0937500e-01   0.0000000e+00
   1.0000000e+00   9.3750000e-02   0.0000000e+00
   1.0000000e+00   7.8125000e-02   0.0000000e+00
   1.0000000e+00   6.2500000e-02   0.0000000e+00
   1.0000000e+00   4.6875000e-02   0.0000000e+00
   1.0000000e+00   3.1250000e-02   0.0000000e+00
   1.0000000e+00   1.5625000e-02   0.0000000e+00
   1.0000000e+00   0.0000000e+00   0.0000000e+00
   9.8437500e-01   0.0000000e+00   0.0000000e+00
   9.6875000e-01   0.0000000e+00   0.0000000e+00
   9.5312500e-01   0.0000000e+00   0.0000000e+00
   9.3750000e-01   0.0000000e+00   0.0000000e+00
   9.2187500e-01   0.0000000e+00   0.0000000e+00
   9.0625000e-01   0.0000000e+00   0.0000000e+00
   8.9062500e-01   0.0000000e+00   0.0000000e+00
   8.7500000e-01   0.0000000e+00   0.0000000e+00
   8.5937500e-01   0.0000000e+00   0.0000000e+00
   8.4375000e-01   0.0000000e+00   0.0000000e+00
   8.2812500e-01   0.0000000e+00   0.0000000e+00
   8.1250000e-01   0.0000000e+00   0.0000000e+00
   7.9687500e-01   0.0000000e+00   0.0000000e+00
   7.8125000e-01   0.0000000e+00   0.0000000e+00
   7.6562500e-01   0.0000000e+00   0.0000000e+00
   7.5000000e-01   0.0000000e+00   0.0000000e+00
   7.3437500e-01   0.0000000e+00   0.0000000e+00
   7.1875000e-01   0.0000000e+00   0.0000000e+00
   7.0312500e-01   0.0000000e+00   0.0000000e+00
   6.8750000e-01   0.0000000e+00   0.0000000e+00
   6.7187500e-01   0.0000000e+00   0.0000000e+00
   6.5625000e-01   0.0000000e+00   0.0000000e+00
   6.4062500e-01   0.0000000e+00   0.0000000e+00
   6.2500000e-01   0.0000000e+00   0.0000000e+00
   6.0937500e-01   0.0000000e+00   0.0000000e+00
   5.9375000e-01   0.0000000e+00   0.0000000e+00
   5.7812500e-01   0.0000000e+00   0.0000000e+00
   5.6250000e-01   0.0000000e+00   0.0000000e+00
   5.4687500e-01   0.0000000e+00   0.0000000e+00
   5.3125000e-01   0.0000000e+00   0.0000000e+00
   5.1562500e-01   0.0000000e+00   0.0000000e+00
   5.0000000e-01   0.0000000e+00   0.0000000e+00
