   1.4615910e-03   4.6612777e-04   1.3865520e-02
   2.2576401e-03   1.2949543e-03   1.8331146e-02
   3.2794322e-03   2.3045299e-03   2.3708329e-02
   4.5123022e-03   3.4903767e-03   2.9964706e-02
   5.9497699e-03   4.8428500e-03   3.7129669e-02
   7.5879855e-03   6.3561362e-03   4.4973077e-02
   9.4260439e-03   8.0218501e-03   5.2844356e-02
   1.1465434e-02   9.8283149e-03   6.0749638e-02
   1.3707571e-02   1.1770591e-02   6.8666584e-02
   1.6155757e-02   1.3840497e-02   7.6602666e-02
   1.8815367e-02   1.6026275e-02   8.4584490e-02
   2.1691934e-02   1.8320125e-02   9.2610105e-02
   2.4791781e-02   2.0714788e-02   1.0067555e-01
   2.8122815e-02   2.3200928e-02   1.0878695e-01
   3.1695530e-02   2.5765116e-02   1.1696472e-01
   3.5520447e-02   2.8397457e-02   1.2520940e-01
   3.9608487e-02   3.1089565e-02   1.3351509e-01
   4.3829535e-02   3.3829988e-02   1.4188625e-01
   4.8061639e-02   3.6606610e-02   1.5032699e-01
   5.2320439e-02   3.9406602e-02   1.5884102e-01
   5.6614898e-02   4.2159892e-02   1.6744559e-01
   6.0949393e-02   4.4794492e-02   1.7612883e-01
   6.5330180e-02   4.7317780e-02   1.8489151e-01
   6.9763730e-02   4.9726467e-02   1.9373509e-01
   7.4256515e-02   5.2016777e-02   2.0266037e-01
   7.8815003e-02   5.4184480e-02   2.1166736e-01
   8.3445631e-02   5.6224937e-02   2.2075510e-01
   8.8154773e-02   5.8133147e-02   2.2992161e-01
   9.2948691e-02   5.9903817e-02   2.3916367e-01
   9.7833477e-02   6.1531441e-02   2.4847666e-01
   1.0281497e-01   6.3010405e-02   2.5785440e-01
   1.0789868e-01   6.4335110e-02   2.6728893e-01
   1.1309445e-01   6.5492036e-02   2.7678398e-01
   1.1840504e-01   6.6479159e-02   2.8632066e-01
   1.2383265e-01   6.7294645e-02   2.9587943e-01
   1.2938019e-01   6.7934926e-02   3.0544293e-01
   1.3505332e-01   6.8391280e-02   3.1499989e-01
   1.4085795e-01   6.8654071e-02   3.2453764e-01
   1.4678523e-01   6.8738232e-02   3.3401111e-01
   1.5283922e-01   6.8636860e-02   3.4340445e-01
   1.5901751e-01   6.8354023e-02   3.5268803e-01
   1.6530813e-01   6.7910869e-02   3.6181643e-01
   1.7171303e-01   6.7305326e-02   3.7077083e-01
   1.7821173e-01   6.6575807e-02   3.7949716e-01
   1.8480088e-01   6.5732438e-02   3.8797251e-01
   1.9145974e-01   6.4818331e-02   3.9615197e-01
   1.9817688e-01   6.3862417e-02   4.0400895e-01
   2.0493488e-01   6.2906619e-02   4.1151427e-01
   2.1171806e-01   6.1991788e-02   4.1864674e-01
   2.1851159e-01   6.1158492e-02   4.2539182e-01
   2.2530203e-01   6.0445184e-02   4.3174177e-01
   2.3207652e-01   5.9888685e-02   4.3769466e-01
   2.3882599e-01   5.9517038e-02   4.4325600e-01
   2.4554318e-01   5.9352438e-02   4.4843594e-01
   2.5222025e-01   5.9414712e-02   4.5324773e-01
   2.5885730e-01   5.9705600e-02   4.5770992e-01
   2.6544674e-01   6.0236875e-02   4.6184030e-01
   2.7199409e-01   6.0993555e-02   4.6566038e-01
   2.7849330e-01   6.1977814e-02   4.6919033e-01
   2.8495110e-01   6.3167626e-02   4.7245088e-01
   2.9136582e-01   6.4553449e-02   4.7546219e-01
   2.9774041e-01   6.6117043e-02   4.7824348e-01
   3.0408094e-01   6.7835345e-02   4.8081157e-01
   3.1038203e-01   6.9702477e-02   4.8318634e-01
   3.1665424e-01   7.1689527e-02   4.8538043e-01
   3.2289913e-01   7.3781950e-02   4.8740840e-01
   3.2911404e-01   7.5971508e-02   4.8928680e-01
   3.3530750e-01   7.8236105e-02   4.9102414e-01
   3.4148173e-01   8.0563508e-02   4.9263132e-01
   3.4763574e-01   8.2946351e-02   4.9412092e-01
   3.5377316e-01   8.5372633e-02   4.9550110e-01
   3.5989794e-01   8.7831177e-02   4.9677833e-01
   3.6601193e-01   9.0314303e-02   4.9795996e-01
   3.7211620e-01   9.2815992e-02   4.9905333e-01
   3.7821055e-01   9.5332295e-02   5.0006657e-01
   3.8429945e-01   9.7854911e-02   5.0100196e-01
   3.9038436e-01   1.0037947e-01   5.0186424e-01
   3.9646667e-01   1.0290219e-01   5.0265759e-01
   4.0254766e-01   1.0541987e-01   5.0338576e-01
   4.0862850e-01   1.0792977e-01   5.0405212e-01
   4.1470866e-01   1.1043118e-01   5.0466184e-01
   4.2079116e-01   1.1292021e-01   5.0521494e-01
   4.2687696e-01   1.1539526e-01   5.0571360e-01
   4.3296700e-01   1.1785499e-01   5.0615975e-01
   4.3906211e-01   1.2029831e-01   5.0655503e-01
   4.4516310e-01   1.2272437e-01   5.0690081e-01
   4.5127068e-01   1.2513248e-01   5.0719826e-01
   4.5738554e-01   1.2752215e-01   5.0744834e-01
   4.6350829e-01   1.2989300e-01   5.0765181e-01
   4.6963951e-01   1.3224482e-01   5.0780928e-01
   4.7577972e-01   1.3457750e-01   5.0792119e-01
   4.8192900e-01   1.3689139e-01   5.0798851e-01
   4.8808817e-01   1.3918622e-01   5.0801074e-01
   4.9425767e-01   1.4146211e-01   5.0798784e-01
   5.0043783e-01   1.4371932e-01   5.0791977e-01
   5.0662893e-01   1.4595820e-01   5.0780642e-01
   5.1283119e-01   1.4817914e-01   5.0764757e-01
   5.1904483e-01   1.5038261e-01   5.0744294e-01
   5.2526997e-01   1.5256912e-01   5.0719217e-01
   5.3150674e-01   1.5473925e-01   5.0689486e-01
   5.3775519e-01   1.5689361e-01   5.0655054e-01
   5.4401537e-01   1.5903290e-01   5.0615870e-01
   5.5028725e-01   1.6115782e-01   5.0571878e-01
   5.5657078e-01   1.6326915e-01   5.0523021e-01
   5.6286587e-01   1.6536771e-01   5.0469237e-01
   5.6917237e-01   1.6745438e-01   5.0410461e-01
   5.7549011e-01   1.6953006e-01   5.0346627e-01
   5.8181886e-01   1.7159573e-01   5.0277669e-01
   5.8815838e-01   1.7365239e-01   5.0203517e-01
   5.9450834e-01   1.7570112e-01   5.0124101e-01
   6.0086840e-01   1.7774304e-01   5.0039352e-01
   6.0723817e-01   1.7977931e-01   4.9949200e-01
   6.1361721e-01   1.8181117e-01   4.9853575e-01
   6.2000503e-01   1.8383991e-01   4.9752408e-01
   6.2640111e-01   1.8586687e-01   4.9645630e-01
   6.3280485e-01   1.8789347e-01   4.9533177e-01
   6.3921564e-01   1.8992118e-01   4.9414982e-01
   6.4563278e-01   1.9195156e-01   4.9290983e-01
   6.5205554e-01   1.9398621e-01   4.9161120e-01
   6.5848312e-01   1.9602684e-01   4.9025334e-01
   6.6491467e-01   1.9807520e-01   4.8883571e-01
   6.7134928e-01   2.0013317e-01   4.8735781e-01
   6.7778598e-01   2.0220266e-01   4.8581915e-01
   6.8422371e-01   2.0428572e-01   4.8421932e-01
   6.9066138e-01   2.0638446e-01   4.8255794e-01
   6.9709780e-01   2.0850110e-01   4.8083468e-01
   7.0353170e-01   2.1063796e-01   4.7904927e-01
   7.0996189e-01   2.1279734e-01   4.7720112e-01
   7.1638704e-01   2.1498169e-01   4.7528978e-01
   7.2280545e-01   2.1719383e-01   4.7331571e-01
   7.2921552e-01   2.1943652e-01   4.7127892e-01
   7.3561555e-01   2.2171263e-01   4.6917954e-01
   7.4200371e-01   2.2402520e-01   4.6701777e-01
   7.4837811e-01   2.2637735e-01   4.6479395e-01
   7.5473669e-01   2.2877235e-01   4.6250853e-01
   7.6107731e-01   2.3121363e-01   4.6016211e-01
   7.6739768e-01   2.3370471e-01   4.5775541e-01
   7.7369538e-01   2.3624928e-01   4.5528935e-01
   7.7996785e-01   2.3885117e-01   4.5276502e-01
   7.8621237e-01   2.4151433e-01   4.5018369e-01
   7.9242697e-01   2.4424225e-01   4.4754316e-01
   7.9860776e-01   2.4703980e-01   4.4484844e-01
   8.0475151e-01   2.4991135e-01   4.4210162e-01
   8.1085484e-01   2.5286140e-01   4.3930496e-01
   8.1691419e-01   2.5589455e-01   4.3646107e-01
   8.2292580e-01   2.5901550e-01   4.3357287e-01
   8.2888574e-01   2.6222905e-01   4.3064365e-01
   8.3479082e-01   2.6553970e-01   4.2767135e-01
   8.4063568e-01   2.6895287e-01   4.2466562e-01
   8.4641580e-01   2.7247349e-01   4.2163106e-01
   8.5212649e-01   2.7610647e-01   4.1857277e-01
   8.5776287e-01   2.7985667e-01   4.1549632e-01
   8.6332040e-01   2.8372900e-01   4.1240289e-01
   8.6879337e-01   2.8772821e-01   4.0930300e-01
   8.7417634e-01   2.9185868e-01   4.0620540e-01
   8.7946394e-01   2.9612460e-01   4.0311803e-01
   8.8465082e-01   3.0053009e-01   4.0004706e-01
   8.8973142e-01   3.0507882e-01   3.9700156e-01
   8.9470019e-01   3.0977344e-01   3.9399463e-01
   8.9955188e-01   3.1461642e-01   3.9103667e-01
   9.0428130e-01   3.1960998e-01   3.8813689e-01
   9.0888352e-01   3.2475513e-01   3.8530801e-01
   9.1335409e-01   3.3005195e-01   3.8256341e-01
   9.1768885e-01   3.3550007e-01   3.7991514e-01
   9.2188419e-01   3.4109811e-01   3.7737598e-01
   9.2593710e-01   3.4684369e-01   3.7495908e-01
   9.2984509e-01   3.5273382e-01   3.7267651e-01
   9.3360645e-01   3.5876438e-01   3.7054088e-01
   9.3722087e-01   3.6492931e-01   3.6856652e-01
   9.4068744e-01   3.7122417e-01   3.6676170e-01
   9.4400645e-01   3.7764289e-01   3.6513633e-01
   9.4717953e-01   3.8417787e-01   3.6370113e-01
   9.5021015e-01   3.9081955e-01   3.6246769e-01
   9.5309908e-01   3.9756289e-01   3.6143843e-01
   9.5584924e-01   4.0440021e-01   3.6061908e-01
   9.5846408e-01   4.1132367e-01   3.6001423e-01
   9.6094922e-01   4.1832325e-01   3.5962979e-01
   9.6331028e-01   4.2538972e-01   3.5946902e-01
   9.6554935e-01   4.3251871e-01   3.5952915e-01
   9.6767113e-01   4.3970298e-01   3.5981017e-01
   9.6968044e-01   4.4693563e-01   3.6031112e-01
   9.7158218e-01   4.5421017e-01   3.6103016e-01
   9.7338124e-01   4.6152048e-01   3.6196465e-01
   9.7508244e-01   4.6886094e-01   3.6311129e-01
   9.7669049e-01   4.7622635e-01   3.6446616e-01
   9.7820996e-01   4.8361203e-01   3.6602485e-01
   9.7964518e-01   4.9101376e-01   3.6778256e-01
   9.8100029e-01   4.9842780e-01   3.6973416e-01
   9.8227916e-01   5.0585085e-01   3.7187430e-01
   9.8348539e-01   5.1328005e-01   3.7419750e-01
   9.8462230e-01   5.2071297e-01   3.7669819e-01
   9.8569293e-01   5.2814755e-01   3.7937077e-01
   9.8670002e-01   5.3558207e-01   3.8220972e-01
   9.8764604e-01   5.4301517e-01   3.8520958e-01
   9.8853317e-01   5.5044578e-01   3.8836501e-01
   9.8936334e-01   5.5787308e-01   3.9167085e-01
   9.9013820e-01   5.6529650e-01   3.9512210e-01
   9.9087121e-01   5.7270626e-01   3.9871397e-01
   9.9155817e-01   5.8010683e-01   4.0244106e-01
   9.9219573e-01   5.8750171e-01   4.0629879e-01
   9.9278467e-01   5.9489109e-01   4.1028298e-01
   9.9332556e-01   6.0227530e-01   4.1438966e-01
   9.9383441e-01   6.0964354e-01   4.1861322e-01
   9.9430851e-01   6.1699895e-01   4.2294967e-01
   9.9473770e-01   6.2434966e-01   4.2739677e-01
   9.9512185e-01   6.3169638e-01   4.3195149e-01
   9.9548047e-01   6.3902660e-01   4.3660716e-01
   9.9580992e-01   6.4634390e-01   4.4136095e-01
   9.9609570e-01   6.5365876e-01   4.4621302e-01
   9.9634141e-01   6.6096938e-01   4.5116020e-01
   9.9657980e-01   6.6825562e-01   4.5619181e-01
   9.9677478e-01   6.7554148e-01   4.6131416e-01
   9.9692543e-01   6.8282795e-01   4.6652569e-01
   9.9707718e-01   6.9008790e-01   4.7181146e-01
   9.9718625e-01   6.9734899e-01   4.7718173e-01
   9.9725398e-01   7.0461079e-01   4.8263465e-01
   9.9732518e-01   7.1184771e-01   4.8815437e-01
   9.9735098e-01   7.1908912e-01   4.9375466e-01
   9.9735058e-01   7.2632442e-01   4.9942797e-01
   9.9734126e-01   7.3354467e-01   5.0516684e-01
   9.9728469e-01   7.4077189e-01   5.1098333e-01
   9.9722837e-01   7.4798056e-01   5.1685938e-01
   9.9713848e-01   7.5518985e-01   5.2280600e-01
   9.9701934e-01   7.6239788e-01   5.2882078e-01
   9.9689825e-01   7.6959097e-01   5.3489234e-01
   9.9672686e-01   7.7679486e-01   5.4103857e-01
   9.9657065e-01   7.8397651e-01   5.4723299e-01
   9.9636906e-01   7.9116735e-01   5.5349894e-01
   9.9616231e-01   7.9834771e-01   5.5981964e-01
   9.9593245e-01   8.0552713e-01   5.6620182e-01
   9.9568011e-01   8.1270577e-01   5.7264479e-01
   9.9542397e-01   8.1987530e-01   5.7914013e-01
   9.9513129e-01   8.2705177e-01   5.8570146e-01
   9.9485109e-01   8.3421283e-01   5.9230709e-01
   9.9452367e-01   8.4138662e-01   5.9898282e-01
   9.9422190e-01   8.4854047e-01   6.0569590e-01
   9.9386577e-01   8.5571104e-01   6.1248180e-01
   9.9354528e-01   8.6285885e-01   6.1929930e-01
   9.9316956e-01   8.7002447e-01   6.2618946e-01
   9.9283096e-01   8.7716840e-01   6.3310915e-01
   9.9243988e-01   8.8432969e-01   6.4009947e-01
   9.9208945e-01   8.9146955e-01   6.4711602e-01
   9.9168774e-01   8.9862705e-01   6.5420154e-01
   9.9133193e-01   9.0576275e-01   6.6130884e-01
   9.9092969e-01   9.1291501e-01   6.6848120e-01
   9.9056991e-01   9.2004870e-01   6.7567459e-01
   9.9017464e-01   9.2719561e-01   6.8292560e-01
   9.8981484e-01   9.3432854e-01   6.9019819e-01
   9.8943374e-01   9.4147035e-01   6.9751863e-01
   9.8907744e-01   9.4860408e-01   7.0486252e-01
   9.8871706e-01   9.5574152e-01   7.1224223e-01
   9.8836703e-01   9.6287803e-01   7.1964863e-01
   9.8803288e-01   9.7001241e-01   7.2707677e-01
   9.8769070e-01   9.7715423e-01   7.3453621e-01
   9.8738683e-01   9.8428756e-01   7.4200155e-01
   9.8705251e-01   9.9143785e-01   7.4950419e-01
