    1.000000 0.647059 0.000000 
    1.000000 0.662745 0.043137 
    1.000000 0.674510 0.082353 
    1.000000 0.690196 0.125490 
    1.000000 0.705882 0.164706 
    1.000000 0.721569 0.207843 
    1.000000 0.737255 0.250980 
    1.000000 0.749020 0.290196 
    1.000000 0.764706 0.333333 
    1.000000 0.780392 0.376471 
    1.000000 0.792157 0.415686 
    1.000000 0.807843 0.458824 
    1.000000 0.823529 0.501961 
    1.000000 0.839216 0.541176 
    1.000000 0.854902 0.584314 
    1.000000 0.866667 0.623529 
    1.000000 0.882353 0.666667 
    1.000000 0.898039 0.709804 
    1.000000 0.909804 0.749020 
    1.000000 0.925490 0.792157 
    1.000000 0.941176 0.831373 
    1.000000 0.956863 0.874510 
    1.000000 0.972549 0.917647 
    1.000000 0.984314 0.956863 
    1.000000 1.000000 1.000000 
    1.000000 1.000000 1.000000 
    0.980392 0.956863 0.980392 
    0.956863 0.917647 0.956863 
    0.937255 0.874510 0.937255 
    0.917647 0.831373 0.917647 
    0.898039 0.792157 0.898039 
    0.874510 0.749020 0.874510 
    0.854902 0.709804 0.854902 
    0.835294 0.666667 0.835294 
    0.811765 0.623529 0.811765 
    0.792157 0.584314 0.792157 
    0.772549 0.541176 0.772549 
    0.752941 0.501961 0.752941 
    0.729412 0.458824 0.729412 
    0.709804 0.415686 0.709804 
    0.690196 0.376471 0.690196 
    0.666667 0.333333 0.666667 
    0.647059 0.290196 0.647059 
    0.627451 0.250980 0.627451 
    0.603922 0.207843 0.603922 
    0.584314 0.164706 0.584314 
    0.564706 0.125490 0.564706 
    0.545098 0.082353 0.545098 
    0.521569 0.043137 0.521569 
    0.501961 0.000000 0.501961 