    1.000000 1.000000 0.000000 
    0.956863 0.956863 0.000000 
    0.917647 0.917647 0.000000 
    0.874510 0.874510 0.000000 
    0.831373 0.831373 0.000000 
    0.792157 0.792157 0.000000 
    0.749020 0.749020 0.000000 
    0.709804 0.709804 0.000000 
    0.666667 0.666667 0.000000 
    0.623529 0.623529 0.000000 
    0.584314 0.584314 0.000000 
    0.541176 0.541176 0.000000 
    0.501961 0.501961 0.000000 
    0.458824 0.458824 0.000000 
    0.415686 0.415686 0.000000 
    0.376471 0.376471 0.000000 
    0.333333 0.333333 0.000000 
    0.290196 0.290196 0.000000 
    0.250980 0.250980 0.000000 
    0.207843 0.207843 0.000000 
    0.164706 0.164706 0.000000 
    0.125490 0.125490 0.000000 
    0.082353 0.082353 0.000000 
    0.043137 0.043137 0.000000 
    0.000000 0.000000 0.000000 
    0.000000 0.000000 0.000000 
    0.019608 0.000000 0.019608 
    0.043137 0.000000 0.043137 
    0.062745 0.000000 0.062745 
    0.082353 0.000000 0.082353 
    0.101961 0.000000 0.101961 
    0.125490 0.000000 0.125490 
    0.145098 0.000000 0.145098 
    0.164706 0.000000 0.164706 
    0.188235 0.000000 0.188235 
    0.207843 0.000000 0.207843 
    0.227451 0.000000 0.227451 
    0.250980 0.000000 0.250980 
    0.270588 0.000000 0.270588 
    0.290196 0.000000 0.290196 
    0.309804 0.000000 0.309804 
    0.333333 0.000000 0.333333 
    0.352941 0.000000 0.352941 
    0.372549 0.000000 0.372549 
    0.396078 0.000000 0.396078 
    0.415686 0.000000 0.415686 
    0.435294 0.000000 0.435294 
    0.454902 0.000000 0.454902 
    0.478431 0.000000 0.478431 
    0.498039 0.000000 0.498039 