   2.6700401e-01   4.8743300e-03   3.2941519e-01
   2.6851048e-01   9.6048300e-03   3.3542652e-01
   2.6994384e-01   1.4624940e-02   3.4137895e-01
   2.7130489e-01   1.9941860e-02   3.4726862e-01
   2.7259384e-01   2.5563090e-02   3.5309303e-01
   2.7380934e-01   3.1497480e-02   3.5885256e-01
   2.7495242e-01   3.7751810e-02   3.6454323e-01
   2.7602238e-01   4.4167230e-02   3.7016418e-01
   2.7701840e-01   5.0344370e-02   3.7571452e-01
   2.7794143e-01   5.6324440e-02   3.8119074e-01
   2.7879067e-01   6.2145360e-02   3.8659204e-01
   2.7956550e-01   6.7835870e-02   3.9191723e-01
   2.8026658e-01   7.3417240e-02   3.9716349e-01
   2.8089358e-01   7.8907030e-02   4.0232944e-01
   2.8144581e-01   8.4319700e-02   4.0741404e-01
   2.8192358e-01   8.9666220e-02   4.1241521e-01
   2.8232739e-01   9.4955450e-02   4.1733086e-01
   2.8265633e-01   1.0019576e-01   4.2216032e-01
   2.8291049e-01   1.0539345e-01   4.2690202e-01
   2.8309095e-01   1.1055307e-01   4.3155375e-01
   2.8319704e-01   1.1567966e-01   4.3611482e-01
   2.8322882e-01   1.2077701e-01   4.4058404e-01
   2.8318684e-01   1.2584799e-01   4.4496000e-01
   2.8307200e-01   1.3089477e-01   4.4924127e-01
   2.8288389e-01   1.3592005e-01   4.5342734e-01
   2.8262297e-01   1.4092556e-01   4.5751726e-01
   2.8229037e-01   1.4591233e-01   4.6150995e-01
   2.8188676e-01   1.5088147e-01   4.6540474e-01
   2.8141228e-01   1.5583425e-01   4.6920128e-01
   2.8086773e-01   1.6077132e-01   4.7289909e-01
   2.8025468e-01   1.6569272e-01   4.7649762e-01
   2.7957399e-01   1.7059884e-01   4.7999675e-01
   2.7882618e-01   1.7549020e-01   4.8339654e-01
   2.7801236e-01   1.8036684e-01   4.8669702e-01
   2.7713437e-01   1.8522836e-01   4.8989831e-01
   2.7619376e-01   1.9007447e-01   4.9300074e-01
   2.7519116e-01   1.9490540e-01   4.9600488e-01
   2.7412802e-01   1.9972086e-01   4.9891131e-01
   2.7300596e-01   2.0452049e-01   5.0172076e-01
   2.7182812e-01   2.0930306e-01   5.0443413e-01
   2.7059473e-01   2.1406899e-01   5.0705243e-01
   2.6930756e-01   2.1881782e-01   5.0957678e-01
   2.6796846e-01   2.2354911e-01   5.1200840e-01
   2.6657984e-01   2.2826210e-01   5.1434870e-01
   2.6514450e-01   2.3295593e-01   5.1659930e-01
   2.6366320e-01   2.3763078e-01   5.1876163e-01
   2.6213801e-01   2.4228619e-01   5.2083736e-01
   2.6057103e-01   2.4692170e-01   5.2282822e-01
   2.5896451e-01   2.5153685e-01   5.2473609e-01
   2.5732244e-01   2.5613040e-01   5.2656332e-01
   2.5564519e-01   2.6070284e-01   5.2831152e-01
   2.5393498e-01   2.6525384e-01   5.2998273e-01
   2.5219404e-01   2.6978306e-01   5.3157905e-01
   2.5042462e-01   2.7429024e-01   5.3310261e-01
   2.4862899e-01   2.7877509e-01   5.3455561e-01
   2.4681140e-01   2.8323662e-01   5.3594093e-01
   2.4497208e-01   2.8767547e-01   5.3726018e-01
   2.4311324e-01   2.9209154e-01   5.3851561e-01
   2.4123708e-01   2.9648471e-01   5.3970946e-01
   2.3934575e-01   3.0085494e-01   5.4084398e-01
   2.3744138e-01   3.0520222e-01   5.4192140e-01
   2.3552606e-01   3.0952657e-01   5.4294396e-01
   2.3360277e-01   3.1382773e-01   5.4391424e-01
   2.3167350e-01   3.1810580e-01   5.4483444e-01
   2.2973926e-01   3.2236127e-01   5.4570633e-01
   2.2780192e-01   3.2659432e-01   5.4653200e-01
   2.2586330e-01   3.3080515e-01   5.4731353e-01
   2.2392515e-01   3.3499400e-01   5.4805291e-01
   2.2198915e-01   3.3916114e-01   5.4875211e-01
   2.2005691e-01   3.4330688e-01   5.4941304e-01
   2.1812995e-01   3.4743154e-01   5.5003755e-01
   2.1620971e-01   3.5153548e-01   5.5062743e-01
   2.1429757e-01   3.5561907e-01   5.5118440e-01
   2.1239477e-01   3.5968273e-01   5.5171011e-01
   2.1050310e-01   3.6372671e-01   5.5220646e-01
   2.0862342e-01   3.6775151e-01   5.5267486e-01
   2.0675628e-01   3.7175775e-01   5.5311653e-01
   2.0490257e-01   3.7574589e-01   5.5353282e-01
   2.0306309e-01   3.7971644e-01   5.5392505e-01
   2.0123854e-01   3.8366989e-01   5.5429441e-01
   1.9942950e-01   3.8760678e-01   5.5464205e-01
   1.9763650e-01   3.9152762e-01   5.5496905e-01
   1.9585993e-01   3.9543297e-01   5.5527637e-01
   1.9410009e-01   3.9932336e-01   5.5556494e-01
   1.9235719e-01   4.0319934e-01   5.5583559e-01
   1.9063135e-01   4.0706148e-01   5.5608907e-01
   1.8892259e-01   4.1091033e-01   5.5632606e-01
   1.8723083e-01   4.1474645e-01   5.5654717e-01
   1.8555593e-01   4.1857040e-01   5.5675292e-01
   1.8389763e-01   4.2238275e-01   5.5694377e-01
   1.8225561e-01   4.2618405e-01   5.5712010e-01
   1.8062949e-01   4.2997486e-01   5.5728221e-01
   1.7901879e-01   4.3375572e-01   5.5743035e-01
   1.7742298e-01   4.3752720e-01   5.5756466e-01
   1.7584148e-01   4.4128981e-01   5.5768526e-01
   1.7427363e-01   4.4504410e-01   5.5779216e-01
   1.7271876e-01   4.4879060e-01   5.5788532e-01
   1.7117615e-01   4.5252980e-01   5.5796464e-01
   1.6964573e-01   4.5626209e-01   5.5803034e-01
   1.6812641e-01   4.5998802e-01   5.5808199e-01
   1.6661710e-01   4.6370813e-01   5.5811913e-01
   1.6511703e-01   4.6742290e-01   5.5814141e-01
   1.6362543e-01   4.7113278e-01   5.5814842e-01
   1.6214155e-01   4.7483821e-01   5.5813967e-01
   1.6066467e-01   4.7853961e-01   5.5811466e-01
   1.5919413e-01   4.8223740e-01   5.5807280e-01
   1.5772933e-01   4.8593197e-01   5.5801347e-01
   1.5626973e-01   4.8962370e-01   5.5793600e-01
   1.5481488e-01   4.9331293e-01   5.5783967e-01
   1.5336445e-01   4.9700003e-01   5.5772371e-01
   1.5191820e-01   5.0068529e-01   5.5758733e-01
   1.5047605e-01   5.0436904e-01   5.5742968e-01
   1.4903918e-01   5.0805136e-01   5.5725050e-01
   1.4760731e-01   5.1173263e-01   5.5704861e-01
   1.4618026e-01   5.1541316e-01   5.5682271e-01
   1.4475863e-01   5.1909319e-01   5.5657181e-01
   1.4334327e-01   5.2277292e-01   5.5629491e-01
   1.4193527e-01   5.2645254e-01   5.5599097e-01
   1.4053599e-01   5.3013219e-01   5.5565893e-01
   1.3914708e-01   5.3381201e-01   5.5529773e-01
   1.3777048e-01   5.3749213e-01   5.5490625e-01
   1.3640850e-01   5.4117264e-01   5.5448339e-01
   1.3506561e-01   5.4485335e-01   5.5402906e-01
   1.3374299e-01   5.4853458e-01   5.5354108e-01
   1.3244401e-01   5.5221637e-01   5.5301828e-01
   1.3117249e-01   5.5589872e-01   5.5245948e-01
   1.2993270e-01   5.5958162e-01   5.5186354e-01
   1.2872938e-01   5.6326503e-01   5.5122927e-01
   1.2756771e-01   5.6694891e-01   5.5055551e-01
   1.2645338e-01   5.7063316e-01   5.4984110e-01
   1.2539383e-01   5.7431754e-01   5.4908564e-01
   1.2439474e-01   5.7800205e-01   5.4828740e-01
   1.2346281e-01   5.8168661e-01   5.4744498e-01
   1.2260562e-01   5.8537105e-01   5.4655722e-01
   1.2183122e-01   5.8905521e-01   5.4562298e-01
   1.2114807e-01   5.9273889e-01   5.4464114e-01
   1.2056501e-01   5.9642187e-01   5.4361058e-01
   1.2009154e-01   6.0010387e-01   5.4253043e-01
   1.1973756e-01   6.0378459e-01   5.4139999e-01
   1.1951163e-01   6.0746388e-01   5.4021751e-01
   1.1942341e-01   6.1114146e-01   5.3898192e-01
   1.1948255e-01   6.1481702e-01   5.3769219e-01
   1.1969858e-01   6.1849025e-01   5.3634733e-01
   1.2008079e-01   6.2216081e-01   5.3494633e-01
   1.2063824e-01   6.2582833e-01   5.3348834e-01
   1.2137972e-01   6.2949242e-01   5.3197275e-01
   1.2231244e-01   6.3315277e-01   5.3039808e-01
   1.2344358e-01   6.3680899e-01   5.2876343e-01
   1.2477953e-01   6.4046069e-01   5.2706792e-01
   1.2632581e-01   6.4410744e-01   5.2531069e-01
   1.2808703e-01   6.4774881e-01   5.2349092e-01
   1.3006688e-01   6.5138436e-01   5.2160791e-01
   1.3226797e-01   6.5501363e-01   5.1966086e-01
   1.3469183e-01   6.5863619e-01   5.1764880e-01
   1.3733921e-01   6.6225157e-01   5.1557101e-01
   1.4020991e-01   6.6585927e-01   5.1342680e-01
   1.4330291e-01   6.6945881e-01   5.1121549e-01
   1.4661640e-01   6.7304968e-01   5.0893644e-01
   1.5014782e-01   6.7663139e-01   5.0658890e-01
   1.5389405e-01   6.8020343e-01   5.0417217e-01
   1.5785146e-01   6.8376525e-01   5.0168574e-01
   1.6201598e-01   6.8731632e-01   4.9912906e-01
   1.6638320e-01   6.9085611e-01   4.9650163e-01
   1.7094840e-01   6.9438405e-01   4.9380294e-01
   1.7570671e-01   6.9789960e-01   4.9103252e-01
   1.8065314e-01   7.0140222e-01   4.8818938e-01
   1.8578266e-01   7.0489133e-01   4.8527326e-01
   1.9109018e-01   7.0836635e-01   4.8228395e-01
   1.9657063e-01   7.1182668e-01   4.7922108e-01
   2.0221902e-01   7.1527175e-01   4.7608431e-01
   2.0803045e-01   7.1870095e-01   4.7287330e-01
   2.1400015e-01   7.2211371e-01   4.6958774e-01
   2.2012381e-01   7.2550945e-01   4.6622638e-01
   2.2639690e-01   7.2888753e-01   4.6278934e-01
   2.3281498e-01   7.3224735e-01   4.5927675e-01
   2.3937390e-01   7.3558828e-01   4.5568838e-01
   2.4606968e-01   7.3890972e-01   4.5202405e-01
   2.5289851e-01   7.4221104e-01   4.4828355e-01
   2.5985676e-01   7.4549162e-01   4.4446673e-01
   2.6694127e-01   7.4875084e-01   4.4057284e-01
   2.7414922e-01   7.5198807e-01   4.3660090e-01
   2.8147681e-01   7.5520266e-01   4.3255207e-01
   2.8892102e-01   7.5839399e-01   4.2842626e-01
   2.9647899e-01   7.6156142e-01   4.2422341e-01
   3.0414796e-01   7.6470433e-01   4.1994346e-01
   3.1192534e-01   7.6782207e-01   4.1558638e-01
   3.1980860e-01   7.7091403e-01   4.1115215e-01
   3.2779580e-01   7.7397953e-01   4.0664011e-01
   3.3588539e-01   7.7701790e-01   4.0204917e-01
   3.4407411e-01   7.8002855e-01   3.9738103e-01
   3.5235985e-01   7.8301086e-01   3.9263579e-01
   3.6074053e-01   7.8596419e-01   3.8781353e-01
   3.6921420e-01   7.8888793e-01   3.8291438e-01
   3.7777892e-01   7.9178146e-01   3.7793850e-01
   3.8643282e-01   7.9464415e-01   3.7288606e-01
   3.9517408e-01   7.9747541e-01   3.6775726e-01
   4.0400101e-01   8.0027461e-01   3.6255223e-01
   4.1291350e-01   8.0304099e-01   3.5726893e-01
   4.2190813e-01   8.0577412e-01   3.5191009e-01
   4.3098317e-01   8.0847343e-01   3.4647607e-01
   4.4013691e-01   8.1113836e-01   3.4096730e-01
   4.4936763e-01   8.1376835e-01   3.3538426e-01
   4.5867362e-01   8.1636288e-01   3.2972749e-01
   4.6805314e-01   8.1892143e-01   3.2399761e-01
   4.7750446e-01   8.2144351e-01   3.1819529e-01
   4.8702580e-01   8.2392862e-01   3.1232133e-01
   4.9661536e-01   8.2637633e-01   3.0637661e-01
   5.0627130e-01   8.2878621e-01   3.0036211e-01
   5.1599182e-01   8.3115784e-01   2.9427888e-01
   5.2577622e-01   8.3349064e-01   2.8812650e-01
   5.3562110e-01   8.3578452e-01   2.8190832e-01
   5.4552440e-01   8.3803918e-01   2.7562602e-01
   5.5548397e-01   8.4025437e-01   2.6928147e-01
   5.6549760e-01   8.4242990e-01   2.6287683e-01
   5.7556297e-01   8.4456561e-01   2.5641457e-01
   5.8567772e-01   8.4666139e-01   2.4989748e-01
   5.9583934e-01   8.4871722e-01   2.4332878e-01
   6.0604528e-01   8.5073310e-01   2.3671214e-01
   6.1629283e-01   8.5270912e-01   2.3005179e-01
   6.2657923e-01   8.5464543e-01   2.2335258e-01
   6.3690157e-01   8.5654226e-01   2.1662012e-01
   6.4725685e-01   8.5839991e-01   2.0986086e-01
   6.5764197e-01   8.6021878e-01   2.0308229e-01
   6.6805369e-01   8.6199932e-01   1.9629307e-01
   6.7848868e-01   8.6374211e-01   1.8950326e-01
   6.8894351e-01   8.6544779e-01   1.8272455e-01
   6.9941463e-01   8.6711711e-01   1.7597055e-01
   7.0989842e-01   8.6875092e-01   1.6925712e-01
   7.2039115e-01   8.7035015e-01   1.6260273e-01
   7.3088902e-01   8.7191584e-01   1.5602894e-01
   7.4138803e-01   8.7344918e-01   1.4956101e-01
   7.5188414e-01   8.7495143e-01   1.4322828e-01
   7.6237342e-01   8.7642392e-01   1.3706449e-01
   7.7285183e-01   8.7786808e-01   1.3110864e-01
   7.8331535e-01   8.7928545e-01   1.2540538e-01
   7.9375994e-01   8.8067763e-01   1.2000532e-01
   8.0418159e-01   8.8204632e-01   1.1496505e-01
   8.1457634e-01   8.8339329e-01   1.1034678e-01
   8.2494028e-01   8.8472036e-01   1.0621724e-01
   8.3526959e-01   8.8602943e-01   1.0264590e-01
   8.4556056e-01   8.8732243e-01   9.9702190e-02
   8.5580960e-01   8.8860134e-01   9.7451860e-02
   8.6601325e-01   8.8986815e-01   9.5952770e-02
   8.7616824e-01   8.9112487e-01   9.5250460e-02
   8.8627146e-01   8.9237353e-01   9.5374390e-02
   8.9632002e-01   8.9361614e-01   9.6335380e-02
   9.0631121e-01   8.9485467e-01   9.8124960e-02
   9.1624212e-01   8.9609127e-01   1.0071680e-01
   9.2610579e-01   8.9732977e-01   1.0407067e-01
   9.3590444e-01   8.9857040e-01   1.0813094e-01
   9.4563626e-01   8.9981500e-01   1.1283773e-01
   9.5529972e-01   9.0106534e-01   1.1812832e-01
   9.6489353e-01   9.0232311e-01   1.2394051e-01
   9.7441665e-01   9.0358991e-01   1.3021494e-01
   9.8386829e-01   9.0486726e-01   1.3689671e-01
   9.9324789e-01   9.0615657e-01   1.4393620e-01
