   1.4615910e-03   4.6612777e-04   1.3865520e-02
   2.2672637e-03   1.2699255e-03   1.8570352e-02
   3.2989909e-03   2.2493486e-03   2.4239051e-02
   4.5469062e-03   3.3918016e-03   3.0909248e-02
   6.0055257e-03   4.6919456e-03   3.8557898e-02
   7.6757886e-03   6.1361163e-03   4.6836034e-02
   9.5605109e-03   7.7134413e-03   5.5143076e-02
   1.1663477e-02   9.4167540e-03   6.3459808e-02
   1.3995039e-02   1.1224714e-02   7.1861689e-02
   1.6560559e-02   1.3136226e-02   8.0281795e-02
   1.9373229e-02   1.5132579e-02   8.8766809e-02
   2.2446886e-02   1.7199148e-02   9.7327438e-02
   2.5792737e-02   1.9330630e-02   1.0592983e-01
   2.9432425e-02   2.1503077e-02   1.1462133e-01
   3.3385223e-02   2.3702427e-02   1.2339729e-01
   3.7668421e-02   2.5920786e-02   1.3223211e-01
   4.2252555e-02   2.8138501e-02   1.4114052e-01
   4.6914629e-02   3.0323613e-02   1.5016387e-01
   5.1643762e-02   3.2473617e-02   1.5925428e-01
   5.6449101e-02   3.4569187e-02   1.6841354e-01
   6.1339720e-02   3.6590021e-02   1.7764217e-01
   6.6331262e-02   3.8503627e-02   1.8696159e-01
   7.1428918e-02   4.0293910e-02   1.9635356e-01
   7.6636756e-02   4.1905333e-02   2.0579879e-01
   8.1962077e-02   4.3327867e-02   2.1528911e-01
   8.7411390e-02   4.4556166e-02   2.2481348e-01
   9.2990153e-02   4.5582950e-02   2.3435760e-01
   9.8702497e-02   4.6401873e-02   2.4390370e-01
   1.0455094e-01   4.7008054e-02   2.5343030e-01
   1.1053608e-01   4.7398671e-02   2.6291223e-01
   1.1665642e-01   4.7573592e-02   2.7232080e-01
   1.2290813e-01   4.7536018e-02   2.8162417e-01
   1.2928498e-01   4.7293084e-02   2.9078801e-01
   1.3577845e-01   4.6856368e-02   2.9977640e-01
   1.4237782e-01   4.6242257e-02   3.0855291e-01
   1.4907296e-01   4.5467644e-02   3.1708514e-01
   1.5584971e-01   4.4558806e-02   3.2533841e-01
   1.6268894e-01   4.3554288e-02   3.3327668e-01
   1.6957515e-01   4.2489315e-02   3.4087419e-01
   1.7649320e-01   4.1401709e-02   3.4811061e-01
   1.8342877e-01   4.0328886e-02   3.5497139e-01
   1.9036745e-01   3.9308889e-02   3.6144695e-01
   1.9729742e-01   3.8400182e-02   3.6753463e-01
   2.0420930e-01   3.7632261e-02   3.7323756e-01
   2.1109546e-01   3.7029649e-02   3.7856326e-01
   2.1794865e-01   3.6614605e-02   3.8352242e-01
   2.2476291e-01   3.6404990e-02   3.8812894e-01
   2.3153815e-01   3.6405251e-02   3.9240015e-01
   2.3827296e-01   3.6620995e-02   3.9635339e-01
   2.4496691e-01   3.7054502e-02   4.0000662e-01
   2.5162035e-01   3.7705283e-02   4.0337790e-01
   2.5823427e-01   3.8570615e-02   4.0648503e-01
   2.6480965e-01   3.9646867e-02   4.0934537e-01
   2.7134666e-01   4.0921582e-02   4.1197609e-01
   2.7784983e-01   4.2352874e-02   4.1439211e-01
   2.8432132e-01   4.3932579e-02   4.1660786e-01
   2.9076337e-01   4.5643760e-02   4.1863676e-01
   2.9717825e-01   4.7470029e-02   4.2049116e-01
   3.0356818e-01   4.9395893e-02   4.2218245e-01
   3.0993534e-01   5.1406973e-02   4.2372100e-01
   3.1628184e-01   5.3490132e-02   4.2511628e-01
   3.2260967e-01   5.5633518e-02   4.2637687e-01
   3.2892076e-01   5.7826550e-02   4.2751055e-01
   3.3521692e-01   6.0059873e-02   4.2852432e-01
   3.4149983e-01   6.2325277e-02   4.2942450e-01
   3.4777109e-01   6.4615610e-02   4.3021677e-01
   3.5403217e-01   6.6924683e-02   4.3090619e-01
   3.6028445e-01   6.9247175e-02   4.3149731e-01
   3.6652919e-01   7.1578540e-02   4.3199418e-01
   3.7276758e-01   7.3914921e-02   4.3240042e-01
   3.7900066e-01   7.6253070e-02   4.3271921e-01
   3.8522838e-01   7.8591486e-02   4.3295497e-01
   3.9145266e-01   8.0926706e-02   4.3310876e-01
   3.9767438e-01   8.3256813e-02   4.3318265e-01
   4.0389428e-01   8.5580345e-02   4.3317853e-01
   4.1011302e-01   8.7896159e-02   4.3309806e-01
   4.1633117e-01   9.0203399e-02   4.3294268e-01
   4.2254925e-01   9.2501454e-02   4.3271363e-01
   4.2876770e-01   9.4789934e-02   4.3241200e-01
   4.3498688e-01   9.7068642e-02   4.3203867e-01
   4.4120712e-01   9.9337551e-02   4.3159444e-01
   4.4742838e-01   1.0159708e-01   4.3108050e-01
   4.5365061e-01   1.0384772e-01   4.3049790e-01
   4.5987462e-01   1.0608916e-01   4.2984579e-01
   4.6610049e-01   1.0832192e-01   4.2912451e-01
   4.7232825e-01   1.1054658e-01   4.2833432e-01
   4.7855789e-01   1.1276383e-01   4.2747543e-01
   4.8478932e-01   1.1497443e-01   4.2654799e-01
   4.9102245e-01   1.1717922e-01   4.2555211e-01
   4.9725707e-01   1.1937913e-01   4.2448791e-01
   5.0349270e-01   1.2157541e-01   4.2335611e-01
   5.0972954e-01   1.2376865e-01   4.2215568e-01
   5.1596730e-01   1.2595995e-01   4.2088659e-01
   5.2220565e-01   1.2815044e-01   4.1954885e-01
   5.2844419e-01   1.3034132e-01   4.1814241e-01
   5.3468252e-01   1.3253385e-01   4.1666726e-01
   5.4092019e-01   1.3472929e-01   4.1512337e-01
   5.4715671e-01   1.3692896e-01   4.1351066e-01
   5.5339165e-01   1.3913415e-01   4.1182888e-01
   5.5962444e-01   1.4134626e-01   4.1007803e-01
   5.6585448e-01   1.4356677e-01   4.0825813e-01
   5.7208111e-01   1.4579715e-01   4.0636925e-01
   5.7830366e-01   1.4803893e-01   4.0441144e-01
   5.8452141e-01   1.5029368e-01   4.0238483e-01
   5.9073361e-01   1.5256298e-01   4.0028953e-01
   5.9693975e-01   1.5484823e-01   3.9812490e-01
   6.0313893e-01   1.5715116e-01   3.9589131e-01
   6.0933018e-01   1.5947355e-01   3.9358935e-01
   6.1551263e-01   1.6181711e-01   3.9121930e-01
   6.2168534e-01   1.6418358e-01   3.8878146e-01
   6.2784737e-01   1.6657472e-01   3.8627618e-01
   6.3399775e-01   1.6899231e-01   3.8370385e-01
   6.4013545e-01   1.7143815e-01   3.8106491e-01
   6.4625965e-01   1.7391388e-01   3.7835897e-01
   6.5236935e-01   1.7642127e-01   3.7558621e-01
   6.5846317e-01   1.7896240e-01   3.7274821e-01
   6.6453996e-01   1.8153911e-01   3.6984560e-01
   6.7059857e-01   1.8415327e-01   3.6687903e-01
   6.7663779e-01   1.8680673e-01   3.6384920e-01
   6.8265641e-01   1.8950135e-01   3.6075686e-01
   6.8865316e-01   1.9223899e-01   3.5760280e-01
   6.9462677e-01   1.9502150e-01   3.5438785e-01
   7.0057594e-01   1.9785070e-01   3.5111290e-01
   7.0649971e-01   2.0072820e-01   3.4777686e-01
   7.1239635e-01   2.0365603e-01   3.4438259e-01
   7.1826445e-01   2.0663599e-01   3.4093121e-01
   7.2410261e-01   2.0966983e-01   3.3742377e-01
   7.2990942e-01   2.1275927e-01   3.3386137e-01
   7.3568343e-01   2.1590598e-01   3.3024515e-01
   7.4142319e-01   2.1911159e-01   3.2657628e-01
   7.4712721e-01   2.2237770e-01   3.2285595e-01
   7.5279401e-01   2.2570584e-01   3.1908541e-01
   7.5842209e-01   2.2909749e-01   3.1526591e-01
   7.6400994e-01   2.3255408e-01   3.1139873e-01
   7.6955604e-01   2.3607697e-01   3.0748519e-01
   7.7505889e-01   2.3966744e-01   3.0352631e-01
   7.8051702e-01   2.4332672e-01   2.9952267e-01
   7.8592879e-01   2.4705597e-01   2.9547676e-01
   7.9129267e-01   2.5085623e-01   2.9138994e-01
   7.9660714e-01   2.5472849e-01   2.8726358e-01
   8.0187069e-01   2.5867361e-01   2.8309903e-01
   8.0708181e-01   2.6269240e-01   2.7889763e-01
   8.1223901e-01   2.6678556e-01   2.7466070e-01
   8.1734082e-01   2.7095369e-01   2.7038955e-01
   8.2238578e-01   2.7519730e-01   2.6608544e-01
   8.2737247e-01   2.7951680e-01   2.6174964e-01
   8.3229948e-01   2.8391252e-01   2.5738334e-01
   8.3716543e-01   2.8838465e-01   2.5298770e-01
   8.4196896e-01   2.9293331e-01   2.4856382e-01
   8.4670877e-01   2.9755853e-01   2.4411277e-01
   8.5138357e-01   3.0226021e-01   2.3963551e-01
   8.5599213e-01   3.0703819e-01   2.3513298e-01
   8.6053324e-01   3.1189218e-01   2.3060601e-01
   8.6500575e-01   3.1682183e-01   2.2605537e-01
   8.6940853e-01   3.2182669e-01   2.2148173e-01
   8.7374053e-01   3.2690620e-01   2.1688570e-01
   8.7800071e-01   3.3205976e-01   2.1226776e-01
   8.8218811e-01   3.3728666e-01   2.0762833e-01
   8.8630179e-01   3.4258614e-01   2.0296770e-01
   8.9034088e-01   3.4795734e-01   1.9828608e-01
   8.9430455e-01   3.5339936e-01   1.9358358e-01
   8.9819202e-01   3.5891124e-01   1.8886021e-01
   9.0200254e-01   3.6449195e-01   1.8411588e-01
   9.0573545e-01   3.7014042e-01   1.7935039e-01
   9.0939009e-01   3.7585553e-01   1.7456347e-01
   9.1296587e-01   3.8163614e-01   1.6975476e-01
   9.1646225e-01   3.8748104e-01   1.6492383e-01
   9.1987871e-01   3.9338903e-01   1.6007015e-01
   9.2321478e-01   3.9935887e-01   1.5519319e-01
   9.2647004e-01   4.0538928e-01   1.5029233e-01
   9.2964408e-01   4.1147901e-01   1.4536697e-01
   9.3273655e-01   4.1762676e-01   1.4041652e-01
   9.3574713e-01   4.2383124e-01   1.3544042e-01
   9.3867549e-01   4.3009116e-01   1.3043817e-01
   9.4152138e-01   4.3640524e-01   1.2540944e-01
   9.4428454e-01   4.4277220e-01   1.2035404e-01
   9.4696474e-01   4.4919076e-01   1.1527206e-01
   9.4956177e-01   4.5565966e-01   1.1016395e-01
   9.5207542e-01   4.6217766e-01   1.0503061e-01
   9.5450552e-01   4.6874352e-01   9.9873593e-02
   9.5685190e-01   4.7535605e-01   9.4695227e-02
   9.5911440e-01   4.8201404e-01   8.9498907e-02
   9.6129285e-01   4.8871634e-01   8.4289389e-02
   9.6338711e-01   4.9546181e-01   7.9073191e-02
   9.6539703e-01   5.0224931e-01   7.3859114e-02
   9.6732246e-01   5.0907776e-01   6.8658920e-02
   9.6916326e-01   5.1594609e-01   6.3488197e-02
   9.7091928e-01   5.2285326e-01   5.8367489e-02
   9.7259035e-01   5.2979825e-01   5.3323724e-02
   9.7417633e-01   5.3678006e-01   4.8392009e-02
   9.7567704e-01   5.4379773e-01   4.3617792e-02
   9.7709231e-01   5.5085032e-01   3.9050013e-02
   9.7842197e-01   5.5793691e-01   3.4930623e-02
   9.7966582e-01   5.6505660e-01   3.1409159e-02
   9.8082367e-01   5.7220852e-01   2.8507593e-02
   9.8189531e-01   5.7939180e-01   2.6249735e-02
   9.8288052e-01   5.8660563e-01   2.4661342e-02
   9.8377908e-01   5.9384917e-01   2.3770226e-02
   9.8459076e-01   6.0112163e-01   2.3606383e-02
   9.8531530e-01   6.0842221e-01   2.4202117e-02
   9.8595247e-01   6.1575015e-01   2.5592185e-02
   9.8650201e-01   6.2310467e-01   2.7813950e-02
   9.8696367e-01   6.3048501e-01   3.0907546e-02
   9.8733718e-01   6.3789042e-01   3.4916064e-02
   9.8762230e-01   6.4532015e-01   3.9885747e-02
   9.8781876e-01   6.5277344e-01   4.5580804e-02
   9.8792633e-01   6.6024953e-01   5.1750387e-02
   9.8794478e-01   6.6774764e-01   5.8328689e-02
   9.8787391e-01   6.7526700e-01   6.5257017e-02
   9.8771354e-01   6.8280680e-01   7.2489233e-02
   9.8746352e-01   6.9036622e-01   7.9989718e-02
   9.8712376e-01   6.9794439e-01   8.7731422e-02
   9.8669423e-01   7.0554042e-01   9.5694180e-02
   9.8617497e-01   7.1315337e-01   1.0386332e-01
   9.8556574e-01   7.2078246e-01   1.1222876e-01
   9.8486520e-01   7.2842750e-01   1.2078465e-01
   9.8407513e-01   7.3608652e-01   1.2952658e-01
   9.8319599e-01   7.4375833e-01   1.3845306e-01
   9.8222846e-01   7.5144160e-01   1.4756457e-01
   9.8117346e-01   7.5913489e-01   1.5686322e-01
   9.8003218e-01   7.6683662e-01   1.6635254e-01
   9.7880618e-01   7.7454503e-01   1.7603730e-01
   9.7749745e-01   7.8225814e-01   1.8592336e-01
   9.7610847e-01   7.8997375e-01   1.9601759e-01
   9.7463784e-01   7.9769156e-01   2.0633192e-01
   9.7308794e-01   8.0540933e-01   2.1687684e-01
   9.7146782e-01   8.1312173e-01   2.2765805e-01
   9.6978315e-01   8.2082514e-01   2.3868594e-01
   9.6804082e-01   8.2851549e-01   2.4997158e-01
   9.6624259e-01   8.3619098e-01   2.6153390e-01
   9.6439392e-01   8.4384807e-01   2.7339111e-01
   9.6251666e-01   8.5147634e-01   2.8554567e-01
   9.6062554e-01   8.5906872e-01   2.9801022e-01
   9.5872009e-01   8.6662436e-01   3.1082047e-01
   9.5683407e-01   8.7412857e-01   3.2397395e-01
   9.5499718e-01   8.8156893e-01   3.3747548e-01
   9.5321509e-01   8.8894228e-01   3.5136871e-01
   9.5154622e-01   8.9622591e-01   3.6562701e-01
   9.5001848e-01   9.0340906e-01   3.8027122e-01
   9.4868339e-01   9.1047296e-01   3.9528917e-01
   9.4759436e-01   9.1739905e-01   4.1066519e-01
   9.4680916e-01   9.2416825e-01   4.2637324e-01
   9.4639154e-01   9.3076075e-01   4.4236749e-01
   9.4640295e-01   9.3715897e-01   4.5859151e-01
   9.4690257e-01   9.4334777e-01   4.7496978e-01
   9.4793682e-01   9.4931752e-01   4.9142605e-01
   9.4954483e-01   9.5506290e-01   5.0785965e-01
   9.5174030e-01   9.6058669e-01   5.2420303e-01
   9.5452928e-01   9.6589587e-01   5.4036075e-01
   9.5789605e-01   9.7100333e-01   5.5627509e-01
   9.6181202e-01   9.7592424e-01   5.7192538e-01
   9.6624882e-01   9.8067819e-01   5.8720577e-01
   9.7116162e-01   9.8528216e-01   6.0215433e-01
   9.7651098e-01   9.8975344e-01   6.1676041e-01
   9.8225731e-01   9.9410884e-01   6.3101701e-01
   9.8836207e-01   9.9836414e-01   6.4492401e-01
