   5.0383214e-02   2.9802898e-02   5.2797488e-01
   6.3536364e-02   2.8425973e-02   5.3312368e-01
   7.5353123e-02   2.7206373e-02   5.3800700e-01
   8.6221798e-02   2.6125321e-02   5.4265769e-01
   9.6378610e-02   2.5165098e-02   5.4710349e-01
   1.0597970e-01   2.4309244e-02   5.5136785e-01
   1.1512364e-01   2.3556250e-02   5.5546773e-01
   1.2390290e-01   2.2878101e-02   5.5942348e-01
   1.3238072e-01   2.2258377e-02   5.6325012e-01
   1.4060308e-01   2.1686667e-02   5.6695949e-01
   1.4860653e-01   2.1153588e-02   5.7056171e-01
   1.5642065e-01   2.0650717e-02   5.7406545e-01
   1.6406972e-01   2.0170533e-02   5.7747807e-01
   1.7157392e-01   1.9706341e-02   5.8080589e-01
   1.7895021e-01   1.9252224e-02   5.8405424e-01
   1.8621296e-01   1.8802977e-02   5.8722766e-01
   1.9337445e-01   1.8354059e-02   5.9032995e-01
   2.0044526e-01   1.7901551e-02   5.9336430e-01
   2.0743455e-01   1.7442109e-02   5.9633334e-01
   2.1435030e-01   1.6972928e-02   5.9923921e-01
   2.2119675e-01   1.6497048e-02   6.0208332e-01
   2.2798297e-01   1.6007151e-02   6.0486740e-01
   2.3471454e-01   1.5501506e-02   6.0759244e-01
   2.4139625e-01   1.4979104e-02   6.1025909e-01
   2.4803238e-01   1.4439359e-02   6.1286774e-01
   2.5462669e-01   1.3882092e-02   6.1541854e-01
   2.6118256e-01   1.3307516e-02   6.1791138e-01
   2.6770299e-01   1.2716216e-02   6.2034600e-01
   2.7419067e-01   1.2109142e-02   6.2272190e-01
   2.8064797e-01   1.1487591e-02   6.2503847e-01
   2.8707606e-01   1.0855486e-02   6.2729497e-01
   2.9347769e-01   1.0212885e-02   6.2949049e-01
   2.9985512e-01   9.5607955e-03   6.3162392e-01
   3.0620982e-01   8.9018535e-03   6.3369410e-01
   3.1254312e-01   8.2390070e-03   6.3569976e-01
   3.1885618e-01   7.5755105e-03   6.3763954e-01
   3.2515003e-01   6.9149173e-03   6.3951200e-01
   3.3142555e-01   6.2610738e-03   6.4131565e-01
   3.3768345e-01   5.6183089e-03   6.4304894e-01
   3.4392459e-01   4.9905308e-03   6.4471020e-01
   3.5014970e-01   4.3820256e-03   6.4629771e-01
   3.5635921e-01   3.7978176e-03   6.4780977e-01
   3.6255347e-01   3.2431959e-03   6.4924464e-01
   3.6873276e-01   2.7237072e-03   6.5060056e-01
   3.7489727e-01   2.2451490e-03   6.5187576e-01
   3.8104712e-01   1.8135620e-03   6.5306847e-01
   3.8718264e-01   1.4344692e-03   6.5417676e-01
   3.9330401e-01   1.1138826e-03   6.5519876e-01
   3.9941082e-01   8.5942081e-04   6.5613283e-01
   4.0550291e-01   6.7809152e-04   6.5697728e-01
   4.1158008e-01   5.7710173e-04   6.5773038e-01
   4.1764206e-01   5.6384748e-04   6.5839049e-01
   4.2368855e-01   6.4590278e-04   6.5895600e-01
   4.2971919e-01   8.3100821e-04   6.5942536e-01
   4.3573357e-01   1.1270588e-03   6.5979708e-01
   4.4173212e-01   1.5398478e-03   6.6006901e-01
   4.4771360e-01   2.0795474e-03   6.6024037e-01
   4.5367739e-01   2.7547030e-03   6.6030997e-01
   4.5962294e-01   3.5737442e-03   6.6027665e-01
   4.6554963e-01   4.5451808e-03   6.6013938e-01
   4.7145685e-01   5.6775876e-03   6.5989721e-01
   4.7734393e-01   6.9795874e-03   6.5954931e-01
   4.8321020e-01   8.4598349e-03   6.5909499e-01
   4.8905495e-01   1.0127000e-02   6.5853368e-01
   4.9487747e-01   1.1989749e-02   6.5786495e-01
   5.0067769e-01   1.4055064e-02   6.5708756e-01
   5.0645414e-01   1.6333344e-02   6.5620229e-01
   5.1220603e-01   1.8833223e-02   6.5520922e-01
   5.1793258e-01   2.1563192e-02   6.5410855e-01
   5.2363299e-01   2.4531647e-02   6.5290063e-01
   5.2930647e-01   2.7746874e-02   6.5158601e-01
   5.3495224e-01   3.1217030e-02   6.5016540e-01
   5.4056951e-01   3.4950131e-02   6.4863967e-01
   5.4615749e-01   3.8954033e-02   6.4700988e-01
   5.5171542e-01   4.3136479e-02   6.4527727e-01
   5.5724254e-01   4.7330759e-02   6.4344325e-01
   5.6273810e-01   5.1544809e-02   6.4150939e-01
   5.6820137e-01   5.5777671e-02   6.3947744e-01
   5.7363186e-01   6.0028137e-02   6.3734884e-01
   5.7902868e-01   6.4295555e-02   6.3512611e-01
   5.8439114e-01   6.8579026e-02   6.3281161e-01
   5.8971861e-01   7.2877587e-02   6.3040773e-01
   5.9501050e-01   7.7190288e-02   6.2791699e-01
   6.0026628e-01   8.1516190e-02   6.2534206e-01
   6.0548543e-01   8.5854371e-02   6.2268570e-01
   6.1066747e-01   9.0203930e-02   6.1995081e-01
   6.1581197e-01   9.4563984e-02   6.1714037e-01
   6.2091856e-01   9.8933672e-02   6.1425744e-01
   6.2598687e-01   1.0331216e-01   6.1130517e-01
   6.3101661e-01   1.0769864e-01   6.0828677e-01
   6.3600754e-01   1.1209234e-01   6.0520549e-01
   6.4095944e-01   1.1649250e-01   6.0206461e-01
   6.4587216e-01   1.2089841e-01   5.9886744e-01
   6.5074557e-01   1.2530938e-01   5.9561730e-01
   6.5557961e-01   1.2972479e-01   5.9231749e-01
   6.6037427e-01   1.3414400e-01   5.8897132e-01
   6.6512949e-01   1.3856643e-01   5.8558230e-01
   6.6984539e-01   1.4299154e-01   5.8215357e-01
   6.7452206e-01   1.4741883e-01   5.7868825e-01
   6.7915966e-01   1.5184785e-01   5.7518943e-01
   6.8375838e-01   1.5627816e-01   5.7166016e-01
   6.8831844e-01   1.6070939e-01   5.6810338e-01
   6.9284009e-01   1.6514117e-01   5.6452196e-01
   6.9732361e-01   1.6957321e-01   5.6091866e-01
   7.0176933e-01   1.7400524e-01   5.5729614e-01
   7.0617759e-01   1.7843700e-01   5.5365697e-01
   7.1054875e-01   1.8286831e-01   5.5000358e-01
   7.1488319e-01   1.8729899e-01   5.4633830e-01
   7.1918134e-01   1.9172891e-01   5.4266334e-01
   7.2344360e-01   1.9615796e-01   5.3898079e-01
   7.2767043e-01   2.0058609e-01   5.3529261e-01
   7.3186223e-01   2.0501317e-01   5.3160100e-01
   7.3601942e-01   2.0943907e-01   5.2790843e-01
   7.4014256e-01   2.1386396e-01   5.2421553e-01
   7.4423210e-01   2.1828790e-01   5.2052377e-01
   7.4828853e-01   2.2271094e-01   5.1683450e-01
   7.5231232e-01   2.2713319e-01   5.1314896e-01
   7.5630394e-01   2.3155475e-01   5.0946830e-01
   7.6026385e-01   2.3597577e-01   5.0579354e-01
   7.6419252e-01   2.4039639e-01   5.0212560e-01
   7.6809039e-01   2.4481681e-01   4.9846529e-01
   7.7195792e-01   2.4923722e-01   4.9481334e-01
   7.7579552e-01   2.5365780e-01   4.9117052e-01
   7.7960361e-01   2.5807840e-01   4.8753912e-01
   7.8338264e-01   2.6249966e-01   4.8391773e-01
   7.8713298e-01   2.6692186e-01   4.8030670e-01
   7.9085501e-01   2.7134527e-01   4.7670632e-01
   7.9454910e-01   2.7577018e-01   4.7311680e-01
   7.9821558e-01   2.8019690e-01   4.6953829e-01
   8.0185476e-01   2.8462575e-01   4.6597087e-01
   8.0546695e-01   2.8905706e-01   4.6241458e-01
   8.0905242e-01   2.9349112e-01   4.5886958e-01
   8.1261151e-01   2.9792787e-01   4.5533756e-01
   8.1614438e-01   3.0236813e-01   4.5181638e-01
   8.1965126e-01   3.0681228e-01   4.4830586e-01
   8.2313231e-01   3.1126070e-01   4.4480578e-01
   8.2658771e-01   3.1571378e-01   4.4131590e-01
   8.3001758e-01   3.2017191e-01   4.3783595e-01
   8.3342205e-01   3.2463550e-01   4.3436562e-01
   8.3680124e-01   3.2910484e-01   4.3090505e-01
   8.4015528e-01   3.3358011e-01   4.2745484e-01
   8.4348410e-01   3.3806211e-01   4.2401306e-01
   8.4678773e-01   3.4255127e-01   4.2057933e-01
   8.5006613e-01   3.4704803e-01   4.1715326e-01
   8.5331928e-01   3.5155282e-01   4.1373445e-01
   8.5654710e-01   3.5606607e-01   4.1032247e-01
   8.5974952e-01   3.6058823e-01   4.0691698e-01
   8.6292656e-01   3.6511941e-01   4.0351881e-01
   8.6607792e-01   3.6966045e-01   4.0012603e-01
   8.6920344e-01   3.7421180e-01   3.9673821e-01
   8.7230292e-01   3.7877391e-01   3.9335495e-01
   8.7537615e-01   3.8334724e-01   3.8997583e-01
   8.7842290e-01   3.8793225e-01   3.8660047e-01
   8.8144292e-01   3.9252934e-01   3.8322862e-01
   8.8443598e-01   3.9713888e-01   3.7986025e-01
   8.8740168e-01   4.0176151e-01   3.7649423e-01
   8.9033969e-01   4.0639769e-01   3.7313023e-01
   8.9324965e-01   4.1104787e-01   3.6976789e-01
   8.9613119e-01   4.1571249e-01   3.6640691e-01
   8.9898393e-01   4.2039199e-01   3.6304696e-01
   9.0180746e-01   4.2508681e-01   3.5968776e-01
   9.0460129e-01   4.2979744e-01   3.5632880e-01
   9.0736500e-01   4.3452433e-01   3.5296978e-01
   9.1009809e-01   4.3926791e-01   3.4961047e-01
   9.1280010e-01   4.4402857e-01   3.4625066e-01
   9.1547052e-01   4.4880674e-01   3.4289015e-01
   9.1810885e-01   4.5360282e-01   3.3952877e-01
   9.2071438e-01   4.5841742e-01   3.3616558e-01
   9.2328666e-01   4.6325083e-01   3.3280083e-01
   9.2582515e-01   4.6810339e-01   3.2943451e-01
   9.2832927e-01   4.7297546e-01   3.2606655e-01
   9.3079847e-01   4.7786742e-01   3.2269688e-01
   9.3323214e-01   4.8277960e-01   3.1932544e-01
   9.3562968e-01   4.8771236e-01   3.1595221e-01
   9.3799003e-01   4.9266654e-01   3.1257544e-01
   9.4031294e-01   4.9764204e-01   3.0919663e-01
   9.4259777e-01   5.0263915e-01   3.0581582e-01
   9.4484389e-01   5.0765817e-01   3.0243310e-01
   9.4705066e-01   5.1269939e-01   2.9904855e-01
   9.4921743e-01   5.1776309e-01   2.9566231e-01
   9.5134353e-01   5.2284952e-01   2.9227451e-01
   9.5342772e-01   5.2795955e-01   2.8888345e-01
   9.5546964e-01   5.3309308e-01   2.8549039e-01
   9.5746877e-01   5.3825017e-01   2.8209615e-01
   9.5942443e-01   5.4343104e-01   2.7870099e-01
   9.6133593e-01   5.4863589e-01   2.7530521e-01
   9.6320257e-01   5.5386493e-01   2.7190916e-01
   9.6502366e-01   5.5911835e-01   2.6851320e-01
   9.6679847e-01   5.6439633e-01   2.6511775e-01
   9.6852564e-01   5.6969963e-01   2.6172149e-01
   9.7020459e-01   5.7502827e-01   2.5832542e-01
   9.7183501e-01   5.8038201e-01   2.5493126e-01
   9.7341614e-01   5.8576101e-01   2.5153961e-01
   9.7494726e-01   5.9116539e-01   2.4815120e-01
   9.7642761e-01   5.9659529e-01   2.4476677e-01
   9.7785642e-01   6.0205081e-01   2.4138719e-01
   9.7923292e-01   6.0753208e-01   2.3801336e-01
   9.8055634e-01   6.1303919e-01   2.3464632e-01
   9.8182589e-01   6.1857225e-01   2.3128718e-01
   9.8304074e-01   6.2413136e-01   2.2793714e-01
   9.8419892e-01   6.2971752e-01   2.2459501e-01
   9.8530076e-01   6.3532988e-01   2.2126489e-01
   9.8634542e-01   6.4096851e-01   2.1794846e-01
   9.8733207e-01   6.4663348e-01   2.1464753e-01
   9.8825985e-01   6.5232483e-01   2.1136412e-01
   9.8912789e-01   6.5804263e-01   2.0810043e-01
   9.8993533e-01   6.6378691e-01   2.0485886e-01
   9.9068126e-01   6.6955772e-01   2.0164205e-01
   9.9136479e-01   6.7535508e-01   1.9845290e-01
   9.9198499e-01   6.8117903e-01   1.9529457e-01
   9.9254094e-01   6.8702957e-01   1.9217050e-01
   9.9303169e-01   6.9290672e-01   1.8908446e-01
   9.9345630e-01   6.9881048e-01   1.8604054e-01
   9.9381380e-01   7.0474085e-01   1.8304318e-01
   9.9410323e-01   7.1069781e-01   1.8009721e-01
   9.9432360e-01   7.1668134e-01   1.7720783e-01
   9.9447393e-01   7.2269138e-01   1.7438066e-01
   9.9455326e-01   7.2872789e-01   1.7162173e-01
   9.9456059e-01   7.3479080e-01   1.6893752e-01
   9.9449496e-01   7.4088002e-01   1.6633492e-01
   9.9435541e-01   7.4699545e-01   1.6382124e-01
   9.9414099e-01   7.5313695e-01   1.6140423e-01
   9.9385078e-01   7.5930439e-01   1.5909198e-01
   9.9348219e-01   7.6549855e-01   1.5689063e-01
   9.9303325e-01   7.7171983e-01   1.5480758e-01
   9.9250521e-01   7.7796677e-01   1.5285486e-01
   9.9189727e-01   7.8423912e-01   1.5104158e-01
   9.9120868e-01   7.9053657e-01   1.4937688e-01
   9.9043879e-01   7.9685878e-01   1.4786981e-01
   9.8958707e-01   8.0320534e-01   1.4652913e-01
   9.8864774e-01   8.0957861e-01   1.4535728e-01
   9.8762056e-01   8.1597794e-01   1.4436264e-01
   9.8650937e-01   8.2240062e-01   1.4355668e-01
   9.8531420e-01   8.2884598e-01   1.4294512e-01
   9.8403114e-01   8.3531536e-01   1.4252839e-01
   9.8265282e-01   8.4181173e-01   1.4230265e-01
   9.8119039e-01   8.4832890e-01   1.4227861e-01
   9.7964364e-01   8.5486647e-01   1.4245342e-01
   9.7799492e-01   8.6143231e-01   1.4280819e-01
   9.7626498e-01   8.6801600e-01   1.4335094e-01
   9.7444304e-01   8.7462219e-01   1.4406116e-01
   9.7253001e-01   8.8125006e-01   1.4492291e-01
   9.7053293e-01   8.8789613e-01   1.4591866e-01
   9.6844348e-01   8.9456399e-01   1.4701444e-01
   9.6627122e-01   9.0124936e-01   1.4817964e-01
   9.6402106e-01   9.0795038e-01   1.4937043e-01
   9.6168148e-01   9.1467248e-01   1.5052034e-01
   9.5927565e-01   9.2140654e-01   1.5156602e-01
   9.5680807e-01   9.2815207e-01   1.5240949e-01
   9.5428681e-01   9.3490773e-01   1.5292116e-01
   9.5172608e-01   9.4167060e-01   1.5292536e-01
   9.4915053e-01   9.4843490e-01   1.5217760e-01
   9.4660227e-01   9.5518986e-01   1.5032794e-01
   9.4415174e-01   9.6191649e-01   1.4686079e-01
   9.4189612e-01   9.6858981e-01   1.4095561e-01
   9.4001510e-01   9.7515836e-01   1.3132552e-01
