    1.000000  1.000000  0.000000 
    0.988235  0.980392  0.011765 
    0.980392  0.960784  0.019608 
    0.968627  0.937255  0.031373 
    0.960784  0.917647  0.039216 
    0.949020  0.898039  0.050980 
    0.937255  0.878431  0.062745 
    0.929412  0.858824  0.070588 
    0.917647  0.835294  0.082353 
    0.909804  0.815686  0.094118 
    0.898039  0.796078  0.101961 
    0.886275  0.776471  0.113725 
    0.878431  0.756863  0.121569 
    0.866667  0.733333  0.133333 
    0.858824  0.713725  0.145098 
    0.847059  0.694118  0.152941 
    0.839216  0.674510  0.164706 
    0.827451  0.654902  0.172549 
    0.815686  0.631373  0.184314 
    0.807843  0.611765  0.196078 
    0.796078  0.592157  0.203922 
    0.788235  0.572549  0.215686 
    0.776471  0.552941  0.223529 
    0.764706  0.529412  0.235294 
    0.756863  0.509804  0.247059 
    0.745098  0.490196  0.254902 
    0.737255  0.470588  0.266667 
    0.725490  0.447059  0.278431 
    0.713725  0.427451  0.286275 
    0.705882  0.407843  0.298039 
    0.694118  0.388235  0.305882 
    0.686275  0.368627  0.317647 
    0.674510  0.345098  0.329412 
    0.662745  0.325490  0.337255 
    0.654902  0.305882  0.349020 
    0.643137  0.286275  0.356863 
    0.635294  0.266667  0.368627 
    0.623529  0.243137  0.380392 
    0.615686  0.223529  0.388235 
    0.603922  0.203922  0.400000 
    0.592157  0.184314  0.407843 
    0.584314  0.164706  0.419608 
    0.572549  0.141176  0.431373 
    0.564706  0.121569  0.439216 
    0.552941  0.101961  0.450980 
    0.541176  0.082353  0.462745 
    0.533333  0.062745  0.470588 
    0.521569  0.039216  0.482353 
    0.513725  0.019608  0.490196 
    0.501961  0.000000  0.501961

