    1.000000  1.000000  0.000000 
    0.980392  0.980392  0.019608 
    0.960784  0.960784  0.039216 
    0.937255  0.937255  0.062745 
    0.917647  0.917647  0.082353 
    0.898039  0.898039  0.101961 
    0.878431  0.878431  0.121569 
    0.858824  0.858824  0.141176 
    0.835294  0.835294  0.164706 
    0.815686  0.815686  0.184314 
    0.796078  0.796078  0.203922 
    0.776471  0.776471  0.223529 
    0.756863  0.756863  0.243137 
    0.733333  0.733333  0.266667 
    0.713725  0.713725  0.286275 
    0.694118  0.694118  0.305882 
    0.674510  0.674510  0.325490 
    0.654902  0.654902  0.345098 
    0.631373  0.631373  0.368627 
    0.611765  0.611765  0.388235 
    0.592157  0.592157  0.407843 
    0.572549  0.572549  0.427451 
    0.552941  0.552941  0.447059 
    0.529412  0.529412  0.470588 
    0.509804  0.509804  0.490196 
    0.490196  0.490196  0.509804 
    0.470588  0.470588  0.529412 
    0.447059  0.447059  0.552941 
    0.427451  0.427451  0.572549 
    0.407843  0.407843  0.592157 
    0.388235  0.388235  0.611765 
    0.368627  0.368627  0.631373 
    0.345098  0.345098  0.654902 
    0.325490  0.325490  0.674510 
    0.305882  0.305882  0.694118 
    0.286275  0.286275  0.713725 
    0.266667  0.266667  0.733333 
    0.243137  0.243137  0.756863 
    0.223529  0.223529  0.776471 
    0.203922  0.203922  0.796078 
    0.184314  0.184314  0.815686 
    0.164706  0.164706  0.835294 
    0.141176  0.141176  0.858824 
    0.121569  0.121569  0.878431 
    0.101961  0.101961  0.898039 
    0.082353  0.082353  0.917647 
    0.062745  0.062745  0.937255 
    0.039216  0.039216  0.960784 
    0.019608  0.019608  0.980392 
    0.000000  0.000000  1.000000

